1 10 20
100 200 125
201 210 89
900 1000 174
10 1 20
200 100 125
210 201 89
1000 900 174
2000 3000 217
3000 2000 217
15000 20000 279
20000 15000 279
100000 200000 383
200000 100000 383
119065 467669 449
467669 119065 449
300012 972178 525
972178 300012 525
25370 953749 525
953749 25370 525
813241 935576 525
935576 813241 525
174029 856279 525
856279 174029 525
598834 910291 525
910291 598834 525
8830 838547 525
838547 8830 525
412804 482384 444
482384 412804 444
153410 596538 470
596538 153410 470
393528 807397 509
807397 393528 509
241690 976704 525
976704 241690 525
327968 938670 525
938670 327968 525
660801 793093 504
793093 660801 504
552230 649559 509
649559 552230 509
699723 768067 504
768067 699723 504
531143 902251 525
902251 531143 525
783881 844911 525
844911 783881 525
310167 632982 509
632982 310167 509
67076 85858 351
85858 67076 351
361688 878802 525
878802 361688 525
317787 556108 470
556108 317787 470
322018 875913 525
875913 322018 525
649808 683710 442
683710 649808 442
318089 661376 509
661376 318089 509
585462 945696 525
945696 585462 525
79355 813604 509
813604 79355 509
468617 579114 470
579114 468617 470
301719 739979 509
739979 301719 509
672950 920079 525
920079 672950 525
192932 357428 443
357428 192932 443
290301 941434 525
941434 290301 525
619793 964395 525
964395 619793 525
837289 897401 525
897401 837289 525
128210 767211 509
767211 128210 509
872035 901248 445
901248 872035 445
728285 924012 525
924012 728285 525
244640 302782 407
302782 244640 407
307500 518046 470
518046 307500 470
244354 781243 509
781243 244354 509
806539 855561 525
855561 806539 525
346180 509189 449
509189 346180 449
378105 769119 509
769119 378105 509
355237 970169 525
970169 355237 525
785351 828145 468
828145 785351 468
632273 928839 525
928839 632273 525
382580 709371 509
709371 382580 509
